Kelly,Victor         25.50 203.75 257.15 258.60 340.20
Lam,Gary             205.25 227.50 239.15 229.45 565.25
Nagasake,David       251.15 269.95 256.55 228.55 728.55
Nguyen,Jeff          300.55 285.75 251.44 268.55 228.55
Nguyen,Michael       259.99 132.88 454.11 204.33 278.55
Sinn,Scott           301.44 250.55 204.77 211.55 229.55
Smith,Jacob          275.55 215.22 214.99 26.88 228.50
Son,Thai             209.99 230.55 249.55 208.99 444.22
Tavares,Maribel      28.66 260.5 241.2 251.77 228.55
Tran,Diane           30.66 177.55 351.99 32.88 228.55
Tsukamoto,Andrew     287.66 291.2 301.5 351.5 228.55
Wang,Mary            151.2 16.5 156.7 148.9 228.55
Young,Daniel         121.2 151.7 121.9 199.9 228.55
Wells,Steve          20 228.55 24 20 189.9
Wong,Justin          101.1 15 228.55 122.2 160.6
Johnson,Mary         326.2 30 33 228.55 290.9
Lock,Jim      		 815.66 261.5 251.2 21.77 208.55